59
0 0
46189 95948
46109 95534
46359 95098
46728 95434
46471 95882
46800 96242
47393 95518
47647 94630
47097 94530
46434 94342
45729 95170
45421 94902
44417 93374
43936 92180
44467 90832
45704 90978
45490 89596
44641 86566
45942 84996
44897 82480
45101 81308
45673 81620
46277 81756
46297 80244
45173 79032
45712 77954
46218 77586
46910 76894
47736 77448
47935 78114
47407 78862
46911 78332
46597 78046
46879 77612
47222 77910
47704 80604
47496 81754
47569 83126
47803 83963
47381 86020
46511 86918
46782 90302
46835 93694
48152 93934
49226 91128
48483 88600
48820 86690
49892 85580
49891 83950
48802 82824
50068 81926
49817 80046
48649 78354
48229 77732
46523 86770
46775 86538
47106 86272
47381 86020
0 0 0 0
2 5 11 12
1 3 5 11
2 4 0 0
3 5 0 0
1 2 4 6
5 7 0 0
6 8 9 0
7 9 44 0
7 8 10 43
10 9 11 43 0
1 2 10 12
1 11 13 0
12 14 0 0
13 15 0 0
14 16 0 0
15 17 0 0
16 18 0 0
17 19 0 0
18 20 0 0
19 21 0 0
20 22 0 0
21 23 0 0
22 24 0 0
23 25 0 0
24 26 0 0
25 27 0 0
26 28 33 0
27 29 0 0
28 30 0 0
29 31 54 0
30 32 36 0
31 33 35 0
27 32 34 0
33 35 0 0
32 34 0 0
31 37 0 0
36 38 50 0
37 39 0 0
38 40 0 0
39 58 0 0
42 55 0 0
41 43 46 0
9 10 42 0
8 45 0 0
44 46 0 0
42 45 47 0
46 48 0 0
47 49 0 0
48 50 51 0
37 49 0 0
49 52 0 0
51 53 0 0
52 54 0 0
30 53 0 0
41 56 0 0
55 57 0 0
56 58 40 0
57 40 0 0
