88
0 0
50204 105920
50665 105218
51593 104246
52328 105016
52982 105672
52017 106618
51663 106976
52166 107478
53117 108556
51892 109668
54331 107306
54054 106872
50626 103180
49820 103370
49362 103960
51497 102258
51808 100990
52511 99058
49450 93602
45979 86096
53581 97892
54401 95966
55196 93486
56986 89802
58581 90482
59649 93262
60650 95766
58698 98396
57004 99776
56971 100560
56246 99966
54931 98864
56160 101026
54549 102628
53919 103406
53051 104240
55130 105700
56021 105650
57258 104400
58549 104016
58205 102174
60551 102564
63171 100930
65277 99534
64925 96784
66173 98888
68049 97638
70032 96974
70390 99330
72631 102186
75014 108196
72026 96060
72775 94758
72822 93534
73344 92994
74350 94042
73733 94736
72661 92744
71805 89508
70791 86374
71259 85396
71533 85046
71798 84596
71284 83896
71734 83300
72881 84508
72277 85088
67903 88788
65519 91370
63877 93514
62030 94806
58275 86522
60012 83660
60463 83162
59683 82356
60295 81606
61063 82410
61753 83158
61771 83636
61207 83778
62001 83982
63323 84976
65820 84982
69303 84716
51058 108818
50624 108292
50816 105094
0 0 0 0
2 0 0 0
1 87 0 0
87 4 13 0
3 5 36 0
4 6 12 0
5 7 87 0
6 8 0 0
7 9 85 0
8 10 11 0
9 85 0 0
9 12 0 0
5 11 37 0
3 14 16 0
13 15 0 0
14 87 0 0
13 17 0 0
16 18 0 0
17 19 21 0
18 20 0 0
19 0 0 0
18 22 32 0
21 23 0 0
22 24 0 0
23 25 72 0
24 26 0 0
25 27 0 0
26 28 71 0
27 29 0 0
28 30 31 33
29 31 33 41
29 30 33 32
21 31 0 0
29 30 31 34
33 35 0 0
34 36 0 0
4 35 0 0
12 38 0 0
37 39 0 0
38 40 0 0
39 41 42 0
30 40 0 0
40 43 0 0
42 44 0 0
43 45 46 0
44 46 70 0
44 45 47 0
46 48 0 0
47 49 52 0
48 50 0 0
49 51 0 0
50 0 0 0
48 53 0 0
52 54 57 0
53 55 57 58
54 56 58 0
55 57 0 0
53 54 56 0
54 55 59 0
58 60 0 0
59 68 61 0
60 62 84 0
61 63 0 0
62 64 67 0
63 65 0 0
64 66 0 0
65 67 0 0
66 63 0 0
60 69 0 0
68 70 0 0
45 69 71 0
27 70 0 0
24 73 0 0
72 74 0 0
73 75 77 80
74 76 0 0
75 77 0 0
74 76 78 0
77 79 0 0
78 80 81 0
74 79 0 0
79 82 0 0
81 83 0 0
82 84 0 0
61 83 0 0
8 10 86 0
85 0 0 0
2 3 0 0